Riser,Shoulder,Elbow,Wrist,Gripper
0.5325,-7.1925290822292443,83.629430320890137,-76.436901238660894,0.0375
0.4325,-7.1925290822292443,83.629430320890137,-76.436901238660894,0.0375
0.3825,-7.1925290822292443,83.629430320890137,-76.436901238660894,0.0375
0.3825,-7.1925290822292443,83.629430320890137,-76.436901238660894,0.01
GUI,TAKE,b1
0.5325,-7.1925290822292443,83.629430320890137,-76.436901238660894,0.01
0.5325,-36.712201132950845,118.21123204308282,-81.499030910131978,0.01
0.4325,-36.712201132950845,118.21123204308282,-81.499030910131978,0.01
0.3825,-36.712201132950845,118.21123204308282,-81.499030910131978,0.01
GUI,DROP,d4
0.3825,-36.712201132950845,118.21123204308282,-81.499030910131978,0.0375
0.5325,-36.712201132950845,118.21123204308282,-81.499030910131978,0.0375
